0.000000 0.000000 0.000000 0.000000 157.876394 155.000000 157.876674 0.000000 0.000000 0.000000 0.000000 0.000000 231.624708 252.685848 0.000000 333.541825 0.000000 0.000000 240.519960 221.020149 190.394371 218.288898 0.000000 0.000000 284.692638 259.325927 212.249885 233.773518 257.002144 0.000000 0.000000
0.000000 0.000000 0.000000 0.000000 0.000000 0.000000 0.000000 0.000000 0.000000 0.000000 0.000000 0.000000 0.000000 0.000000 0.000000 0.000000 0.000000 0.000000 0.000000 0.000000 0.000000 0.000000 0.000000 0.000000 0.000000 0.000000 0.000000 0.000000 0.000000 0.000000 0.000000
0.000000 0.000000 0.000000 30.000000 0.000000 0.000000 0.000000 0.000000 0.000000 132.381840 26.926070 0.000000 0.000000 0.000000 0.000000 109.658757 0.000000 0.000000 0.000000 0.000000 0.000000 0.000000 0.000000 0.000000 0.000000 0.000000 0.000000 0.000000 0.000000 0.000000 255.196010
0.000000 0.000000 30.000000 0.000000 0.000000 0.000000 0.000000 0.000000 0.000000 141.155848 55.902015 0.000000 0.000000 0.000000 0.000000 91.788093 0.000000 0.000000 0.000000 0.000000 0.000000 0.000000 0.000000 0.000000 0.000000 0.000000 0.000000 0.000000 0.000000 0.000000 258.118324
157.876394 0.000000 0.000000 0.000000 0.000000 30.000000 60.000000 0.000000 0.000000 0.000000 0.000000 0.000000 0.000000 0.000000 0.000000 175.855433 0.000000 0.000000 136.473324 106.887694 49.244300 67.268325 0.000000 0.000000 0.000000 0.000000 175.000000 0.000000 0.000000 0.000000 0.000000
155.000000 0.000000 0.000000 0.000000 30.000000 0.000000 30.000000 0.000000 0.000000 0.000000 0.000000 0.000000 0.000000 0.000000 0.000000 0.000000 0.000000 0.000000 0.000000 0.000000 0.000000 0.000000 0.000000 0.000000 0.000000 0.000000 145.000000 0.000000 0.000000 0.000000 0.000000
157.876674 0.000000 0.000000 0.000000 60.000000 30.000000 0.000000 0.000000 0.000000 0.000000 0.000000 0.000000 0.000000 0.000000 0.000000 0.000000 0.000000 0.000000 0.000000 0.000000 0.000000 0.000000 0.000000 0.000000 0.000000 0.000000 115.000000 0.000000 0.000000 0.000000 0.000000
0.000000 0.000000 0.000000 0.000000 0.000000 0.000000 0.000000 0.000000 60.000000 90.000000 0.000000 0.000000 0.000000 0.000000 0.000000 0.000000 0.000000 0.000000 0.000000 0.000000 0.000000 0.000000 158.113991 143.178407 133.416934 162.788517 222.036366 0.000000 0.000000 0.000000 163.247973
0.000000 0.000000 0.000000 0.000000 0.000000 0.000000 0.000000 60.000000 0.000000 30.000000 0.000000 0.000000 0.000000 0.000000 0.000000 0.000000 0.000000 0.000000 0.000000 0.000000 0.000000 0.000000 0.000000 0.000000 0.000000 0.000000 0.000000 0.000000 0.000000 0.000000 132.853261
0.000000 0.000000 132.381840 141.155848 0.000000 0.000000 0.000000 90.000000 30.000000 0.000000 0.000000 0.000000 0.000000 0.000000 0.000000 111.803251 196.468827 0.000000 0.000000 0.000000 0.000000 0.000000 0.000000 0.000000 0.000000 0.000000 0.000000 0.000000 0.000000 0.000000 125.896914
0.000000 0.000000 26.926070 55.902015 0.000000 0.000000 0.000000 0.000000 0.000000 0.000000 0.000000 0.000000 0.000000 0.000000 0.000000 122.066107 0.000000 0.000000 0.000000 0.000000 0.000000 0.000000 0.000000 0.000000 0.000000 0.000000 0.000000 0.000000 0.000000 0.000000 245.458929
0.000000 0.000000 0.000000 0.000000 0.000000 0.000000 0.000000 0.000000 0.000000 0.000000 0.000000 0.000000 0.000000 0.000000 0.000000 0.000000 0.000000 0.000000 0.000000 0.000000 0.000000 0.000000 0.000000 0.000000 0.000000 0.000000 0.000000 0.000000 0.000000 0.000000 0.000000
231.624708 0.000000 0.000000 0.000000 0.000000 0.000000 0.000000 0.000000 0.000000 0.000000 0.000000 0.000000 0.000000 0.000000 0.000000 0.000000 0.000000 0.000000 0.000000 0.000000 0.000000 0.000000 0.000000 0.000000 0.000000 90.553529 114.017489 0.000000 0.000000 0.000000 0.000000
252.685848 0.000000 0.000000 0.000000 0.000000 0.000000 0.000000 150.000000 0.000000 0.000000 0.000000 0.000000 0.000000 0.000000 30.000000 0.000000 0.000000 0.000000 0.000000 0.000000 0.000000 0.000000 0.000000 0.000000 0.000000 31.622550 76.157941 0.000000 0.000000 0.000000 0.000000
0.000000 0.000000 0.000000 0.000000 0.000000 0.000000 0.000000 120.000000 0.000000 0.000000 0.000000 0.000000 0.000000 0.000000 0.000000 0.000000 0.000000 0.000000 0.000000 0.000000 0.000000 0.000000 90.553529 60.827326 31.622550 50.000088 104.403329 0.000000 0.000000 0.000000 0.000000
333.541825 0.000000 109.658757 91.788093 175.855433 0.000000 0.000000 0.000000 0.000000 111.803251 122.066107 0.000000 0.000000 0.000000 0.000000 0.000000 90.000000 0.000000 0.000000 0.000000 0.000000 0.000000 0.000000 0.000000 0.000000 0.000000 0.000000 0.000000 0.000000 0.000000 194.550736
0.000000 0.000000 0.000000 0.000000 0.000000 0.000000 0.000000 0.000000 0.000000 196.468827 0.000000 0.000000 0.000000 0.000000 0.000000 90.000000 0.000000 0.000000 0.000000 0.000000 0.000000 0.000000 0.000000 0.000000 0.000000 0.000000 0.000000 0.000000 0.000000 0.000000 247.487685
0.000000 0.000000 0.000000 0.000000 0.000000 0.000000 0.000000 0.000000 0.000000 0.000000 0.000000 0.000000 0.000000 0.000000 0.000000 0.000000 0.000000 0.000000 0.000000 0.000000 0.000000 0.000000 0.000000 0.000000 0.000000 0.000000 0.000000 0.000000 0.000000 0.000000 0.000000
240.519960 0.000000 0.000000 0.000000 136.473324 0.000000 0.000000 0.000000 0.000000 0.000000 0.000000 0.000000 0.000000 0.000000 0.000000 0.000000 0.000000 0.000000 0.000000 30.000000 0.000000 0.000000 0.000000 0.000000 0.000000 0.000000 0.000000 0.000000 0.000000 0.000000 0.000000
221.020149 0.000000 0.000000 0.000000 106.887694 0.000000 0.000000 0.000000 0.000000 0.000000 0.000000 0.000000 0.000000 0.000000 0.000000 0.000000 0.000000 0.000000 30.000000 0.000000 0.000000 0.000000 0.000000 0.000000 0.000000 0.000000 0.000000 0.000000 0.000000 0.000000 0.000000
190.394371 0.000000 0.000000 0.000000 49.244300 0.000000 0.000000 0.000000 0.000000 0.000000 0.000000 0.000000 0.000000 0.000000 0.000000 150.000000 0.000000 0.000000 0.000000 0.000000 0.000000 30.000000 0.000000 0.000000 0.000000 0.000000 0.000000 0.000000 0.000000 0.000000 0.000000
218.288898 0.000000 0.000000 0.000000 67.268325 0.000000 0.000000 0.000000 0.000000 0.000000 0.000000 0.000000 0.000000 0.000000 0.000000 120.000000 0.000000 0.000000 0.000000 0.000000 0.000000 0.000000 0.000000 0.000000 0.000000 0.000000 0.000000 0.000000 0.000000 0.000000 0.000000
0.000000 0.000000 0.000000 0.000000 0.000000 0.000000 0.000000 158.113991 0.000000 0.000000 0.000000 0.000000 0.000000 0.000000 90.553529 0.000000 0.000000 0.000000 0.000000 0.000000 0.000000 0.000000 0.000000 0.000000 60.000000 0.000000 0.000000 0.000000 0.000000 0.000000 0.000000
0.000000 0.000000 0.000000 0.000000 0.000000 0.000000 0.000000 143.178407 0.000000 0.000000 0.000000 0.000000 0.000000 0.000000 60.827326 0.000000 0.000000 0.000000 0.000000 0.000000 0.000000 0.000000 0.000000 0.000000 30.000000 0.000000 0.000000 0.000000 0.000000 0.000000 0.000000
284.692638 0.000000 0.000000 0.000000 0.000000 0.000000 0.000000 133.416934 0.000000 0.000000 0.000000 0.000000 0.000000 0.000000 31.622550 0.000000 0.000000 0.000000 0.000000 0.000000 0.000000 0.000000 60.000000 30.000000 0.000000 0.000000 0.000000 0.000000 0.000000 0.000000 0.000000
259.325927 0.000000 0.000000 0.000000 0.000000 0.000000 0.000000 162.788517 0.000000 0.000000 0.000000 0.000000 90.553529 31.622550 50.000088 0.000000 0.000000 0.000000 0.000000 0.000000 0.000000 0.000000 0.000000 0.000000 0.000000 0.000000 0.000000 0.000000 0.000000 0.000000 0.000000
212.249885 0.000000 0.000000 0.000000 175.000000 145.000000 115.000000 222.036366 0.000000 0.000000 0.000000 0.000000 114.017489 76.157941 104.403329 0.000000 0.000000 0.000000 0.000000 0.000000 0.000000 0.000000 0.000000 0.000000 0.000000 0.000000 0.000000 30.000000 60.000000 0.000000 0.000000
233.773518 0.000000 0.000000 0.000000 0.000000 0.000000 0.000000 0.000000 0.000000 0.000000 0.000000 0.000000 0.000000 0.000000 0.000000 0.000000 0.000000 0.000000 0.000000 0.000000 0.000000 0.000000 0.000000 0.000000 0.000000 0.000000 30.000000 0.000000 30.000000 0.000000 0.000000
257.002144 0.000000 0.000000 0.000000 0.000000 0.000000 0.000000 0.000000 0.000000 0.000000 0.000000 0.000000 0.000000 0.000000 0.000000 0.000000 0.000000 0.000000 0.000000 0.000000 0.000000 0.000000 90.000000 0.000000 0.000000 0.000000 60.000000 30.000000 0.000000 30.000000 0.000000
0.000000 0.000000 0.000000 0.000000 0.000000 0.000000 0.000000 0.000000 0.000000 0.000000 0.000000 0.000000 0.000000 0.000000 0.000000 0.000000 0.000000 0.000000 0.000000 0.000000 0.000000 0.000000 60.000000 0.000000 0.000000 0.000000 0.000000 0.000000 0.000000 0.000000 0.000000
0.000000 0.000000 255.196010 258.118324 0.000000 0.000000 0.000000 163.247973 132.853261 125.896914 245.458929 0.000000 0.000000 0.000000 0.000000 194.550736 247.487685 0.000000 0.000000 0.000000 0.000000 0.000000 0.000000 0.000000 0.000000 0.000000 0.000000 0.000000 0.000000 0.000000 0.000000
